2.47785254
2.71385830
1.78208850
1.55736766
2.64990755
2.67117158
1.45066893
2.18690259
2.23973209
2.22641283
0.82773511
1.81723305
1.10030690
2.31589762
2.21523610
2.29932925
2.73443935
2.08135254
1.31251765
2.80039288
2.55872268
2.83817324
2.48964365
2.11318411
2.21193836
2.14175707
1.92257212
2.04591059
2.58541786
1.81341101
2.97052153
1.59397612
1.62087581
2.21978910
1.43404856
1.74508840
2.34010767
2.83101227
3.38295301
3.56250477
2.24540575
1.67630796
3.01034379
1.63476525
1.20119538
1.39986811
2.28381421
2.39767858
2.03995126
2.14557008
1.15829056
2.67441136
2.07294786
2.01724559
0.52225766
1.88006295
1.83972256
2.70011591
1.81858055
0.70592510
1.80483067
2.82457213
1.79449782
1.83344891
1.72801419
1.58885674
2.14145260
1.87158667
1.75981729
1.91726901
2.31024111
2.11197813
1.82565333
1.37889642
1.61185142
0.55116493
1.73677404
1.41446375
1.79278868
1.91064701
1.75215380
2.92772807
1.76806765
2.60895409
2.41287118
1.77204429
2.13461343
1.44425754
2.47669389
2.79574522
2.51891089
2.91893763
1.40995943
1.97651379
1.90292255
2.74833338
2.63500918
1.94962972
1.94410996
2.68835428
